10,95
10,123
10,237
10,2
10,3
11,7
11,17
11,11
11,13
11,15
11,2
11,3
9,5
9,1
9,7
9,2
9,3
8,10
8,13
8,1
8,7
8,2
8,3
12,2
12,1
12,3
53,868
53,867
53,866
53,865
53,864
53,863
53,862
53,861
53,860
53,859
53,858
53,857
53,856
53,855
53,854
53,853
53,852
53,851
53,850
53,797
53,796
53,795
53,794
53,793
53,792
53,791
53,790
53,789
53,788
53,787
53,786
53,785
53,784
53,783
53,782
53,781
53,780
53,744
53,743
53,742
53,741
53,740
53,739
53,738
53,737
53,736
53,735
53,734
53,733
53,732
53,731
53,730
53,729
53,728
53,511
53,1
20,3
20,2
20,1
19,3
19,2
19,1
11,27
11,26
11,25
11,24
11,23
11,22
11,21
11,20
11,19
11,1
10,301
10,300
10,299
10,298
10,297
10,296
10,295
10,294
10,293
10,292
10,291
10,290
10,289
10,288
10,287
10,286
10,285
10,284
10,283
10,282
10,281
10,280
10,279
10,278
10,277
10,276
10,275
10,274
10,273
10,272
10,271
10,270
10,269
10,268
10,267
10,266
18,1
10,265
18,3
10,264
10,263
14,8
10,262
60,3
10,261
60,5
10,260
60,1
10,259
